20.00000000   0.00000000   2    0.06711409 0.11558494  150 
20.00000000   0.00000000   2    0.06711409 0.11558494  150 
20.00000000   0.00000000   1    0.06711409 0.00115585  150 
20.00000000   0.00000000   1    0.06711409 10.40264465  150 
20.00000000   0.00000000   8    0.06711409 11.44290912  150 
20.00000000   0.00000000   800    0.06711409 11.44290912  150 
20.00000000   0.00000000   800    0.06711409 11.54693556  150 
20.00000000   0.00000000   800    0.06711409 11.54693556  150 
20.27754264   0.00359232   800    0.00667111 0.11408696  1500 
20.27150955   0.00319404   800    0.00400160 0.04104940  2500 
20.26467284   0.00108504   8000    0.00400160 0.04104940  2500 
20.00264646   0.00001087   8000    0.00400160 0.04104940  2500 
20.00242461   0.00001184   8000    0.00200040 0.01026749  5000 
20.00311059   0.00002488   8000    0.00200040 0.01026749  5000 
20.00729612   0.00005459   8000    0.00200040 0.01026749  5000 
20.01063711   0.00010292   8000    0.01001001 0.25709841  1000 
20.01052838   0.00010244   8000    0.01001001 0.25709841  1000 
20.00000000   0.00000000   8000    0.01001001 0.25709841  1000 
20.08674496   0.00077319   8000    0.01001001 0.25709841  1000 
20.08654698   0.00076765   8000    0.01001001 0.25709841  1000 
10.08712035   0.00077277   8000    0.01001001 0.25709841  1000 
10.08601433   0.00077371   8000    0.01001001 0.25712412  1000 
10.08832331   0.00076521   8000    0.01001001 0.25712412  1000 
10.08003620   0.00187111   800    0.00200040 0.01026851  5000 
10.07952342   0.00183987   800    0.00200040 0.01026851  5000 
10.05927912   0.00129294   800    0.00200040 0.01026851  5000 
10.04460096   0.00119072   800    0.00200040 0.00513426  5000 
10.01956422   0.00028424   4000    0.00200040 0.00513426  5000 
10.01885476   0.00026927   4000    0.00200040 0.01026749  5000 
10.37424845   0.00001412   4000    0.00200040 0.01026749  5000 
10.03742858   0.00000003   4000    0.00200040 0.01026749  5000 
10.03842386   nan   800    0.00200040 1.02664584  5000 
26.78194307   0.57636730   800    0.00200040 1.02664584  5000 
36.77707765   0.57469540   800    0.00200040 1.02664584  5000 
43.83493333   0.87532654   800    0.00200040 2.56661459  5000 
77.24677385   1.33558680   800    0.00200040 5.13322918  5000 
91.67248397   1.92589996   800    0.00133351 5.13288692  7500 
105.88611970   2.38497825   800    0.00100010 3.84953685  10000 
105.07638179   2.38525785   800    0.00100010 3.84953685  10000 
89.30971280   1.95611293   800    0.00100010 5.13271580  10000 
89.59075524   1.94174202   800    0.00100010 5.13271580  10000 
89.38376739   1.95359243   800    0.00100010 5.13271580  10000 
118.44462112   2.55816556   800    0.00100010 10.26543161  10000 
90.20348249   1.99677006   800    0.00100010 5.13271580  10000 
20.11526005   0.00000005   800    0.00100010 5.13271580  10000 
20.11526005   nan   80000    0.00100010 5.13271580  10000 
20.11332885   nan   8000    0.00010000 0.51322539  100000 
20.11236743   nan   8000    0.00001000 0.05132208  1000000 
21.12290595   0.00000002   8000    0.00001000 0.05132208  1000000 
33.47371895   nan   8000    0.00001000 0.05132208  1000000 
33.47358449   0.00000000   80    0.00001000 0.00513221  1000000 
447.22370066   30.15052395   120    0.00010000 0.51322539  100000 
544.49070385   45.40860029   64    0.00010000 0.51322539  100000 
312.07558594   92.09710970   8    0.00010000 0.51322539  100000 
68.87266438   3.09147805   64    0.00100010 5.13271580  10000 
89.87849716   1.96369139   800    0.00100010 5.13271580  10000 
88.67595059   1.97265720   800    0.00100010 5.13271580  10000 
53.31916046   1.01533850   800    0.00100010 5.13271580  10000 
52.62565512   0.97788852   800    0.00100010 5.13271580  10000 
52.49053671   0.99455780   800    0.00100010 5.13271580  10000 
52.99696058   1.03799829   800    0.00100010 5.13271580  10000 
58.41656035   0.00000008   800    0.00010000 0.51322539  100000 
58.41621460   0.00000004   800    0.00001000 0.05132208  1000000 
58.41621460   0.00000005   80000    0.00001000 0.05132208  1000000 
57.45577552   0.00000014   80000    0.00000100 0.00513220  10000000 
57.45580923   nan   80000    0.00001000 0.00513221  1000000 
95.80911728   0.00000021   80000    0.00001000 0.00513221  1000000 
144.87818184   0.00000011   80000    0.00001000 0.00513221  1000000 
144.87818184   0.00000011   80000    0.00001000 0.00513221  1000000 
214.87818184   0.00000027   80000    0.00001000 0.00513221  1000000 
214.87818184   0.00000027   80000    0.00001000 0.00513221  1000000 
218.08018651   nan   80000    0.00001000 0.05132208  1000000 
218.08018651   nan   80000    0.00001000 0.05132208  1000000 
218.08018651   nan   80000    0.00001000 0.05132208  1000000 
218.08018651   nan   80000    0.00001000 0.05132208  1000000 
215.51848236   0.00000035   80000    0.00000200 0.01026441  5000000 
215.51848236   0.00000035   80000    0.00000200 0.01026441  5000000 
215.51848236   0.00000035   80000    0.00000200 0.01026441  5000000 
215.51848236   0.00000035   80000    0.00000200 0.01026441  5000000 
215.51848236   nan   800000    0.00000200 0.01026441  5000000 
214.87808194   0.00000015   800000    0.00000200 0.00102644  5000000 
228.59746900   nan   800000    0.00000200 0.00102644  5000000 
228.59746900   nan   800000    0.00000200 0.00513220  5000000 
228.59746900   nan   8000    0.00000200 0.00102644  5000000 
229.30822525   0.00000034   8000    0.00000200 0.01026441  5000000 
228.59745514   nan   8000    0.00000100 0.00513220  10000000 
228.59745514   nan   8000    0.00000100 0.00513220  10000000 
228.59745514   nan   8000    0.00000100 0.00513220  10000000 
228.59745514   nan   8000    0.00000100 0.00513220  10000000 
228.59745514   nan   8000    0.00000100 0.00513220  10000000 
228.59745514   nan   8000    0.00000100 0.00513220  10000000 
228.59745514   nan   8000    0.00000100 0.00513220  10000000 
90.00374558   0.00000018   8000    0.00000100 0.00513220  10000000 
25.00374558   nan   8000    0.00000100 0.00513220  10000000 
110.74604338   0.48011201   8000    0.00010000 0.51322539  100000 
46.84277686   0.21587592   8000    0.00100010 5.13271580  10000 
46.95751584   0.21794387   8000    0.00100010 5.13271580  10000 
110.86579812   0.48015532   8000    0.00010000 0.51322539  100000 
54.70164917   0.29070744   8000    0.00066671 3.42169647  15000 
59.46405371   0.32276551   8000    0.00050003 2.56622958  20000 
64.99057728   0.37473043   8000    0.00040002 2.05296313  25000 
84.87771100   0.46390987   8000    0.00020000 1.02646104  50000 
42.99449681   0.00000000   1    0.00020000 1.02646104  50000 
149.86275308   0.00000000   1    0.00020000 1.02646104  50000 
61.21181191   0.00000000   1    0.00020000 1.02646104  50000 
51.31944869   0.00000000   1    0.00020000 1.02646104  50000 
47.03522897   0.14104652   20000    0.00100010 5.13271580  10000 
71.81801147   0.07428137   240000    0.00033334 1.71079120  30000 
71.85990349   0.07430222   240000    0.00033334 1.71079120  30000 
239.84335146   0.59197659   80000    0.00033334 1.71079120  30000 
126.87894479   0.13353869   480000    0.00100010 5.13271580  10000 
152.17360674   12.27669135   80    0.00100010 5.13271580  10000 
156.03233824   12.44603308   80    0.00100010 5.13271580  10000 
152.77059286   12.23701865   80    0.00100010 5.13271580  10000 
154.01014504   12.14777823   80    0.00100010 5.13271580  10000 
150.91515556   12.11550436   80    0.00100010 5.13271580  10000 
152.95624776   12.98458317   80    0.00100010 5.13271580  10000 
154.85392989   12.27273010   80    0.00100010 5.13271580  10000 
53.08264405   2.74558840   80    0.00100010 5.13271580  10000 
53.49815654   2.75724808   80    0.00100010 5.13271580  10000 
54.68897300   2.72467198   80    0.00100010 5.13271580  10000 
55.53260456   2.83999160   80    0.00100010 5.13271580  10000 
52.88825076   2.75466100   80    0.00100010 5.13271580  10000 
52.88825076   2.75466100   80    0.00100010 5.13271580  10000 
54.38918880   2.74474374   80    0.00100010 5.13271580  10000 
53.12474999   2.80777756   80    0.00100010 5.13271580  10000 
54.21950439   2.74135824   80    0.00100010 5.13271580  10000 
55.64379450   3.09415333   80    0.00100010 5.13271580  10000 
55.64379450   3.09415333   80    0.00100010 5.13271580  10000 
91.38713087   6.34130077   80    0.00100010 5.13271580  10000 
91.34218161   6.45338055   80    0.00100010 5.13271580  10000 
94.87040625   6.69043505   80    0.00100010 5.13271580  10000 
91.46944054   6.34257739   80    0.00100010 5.13271580  10000 
112.38941585   2.58512758   800    0.00050003 2.56622958  20000 
113.13632420   2.57342829   800    0.00050003 2.56622958  20000 
113.77836594   2.63450840   800    0.00050003 2.56622958  20000 
111.39688552   0.25628897   80000    0.00050003 2.56622958  20000 
138.79303305   0.18065369   240000    0.00033334 1.71079120  30000 
57.38577149   0.19470973   24000    0.00333444 17.11304612  3000 
86.81067823   0.37020560   24000    0.00333444 17.11304612  3000 
86.85402347   0.37074408   24000    0.00333444 17.11304612  3000 
130.37981441   0.61502116   24000    0.00100010 5.13271580  10000 
132.41012988   0.34366060   80000    0.00100010 5.13271580  10000 
122.57757949   0.34416106   80000    0.00100010 5.13271580  10000 
107.59044563   0.34404620   80000    0.00100010 5.13271580  10000 
122.41239717   0.34309395   80000    0.00100010 5.13271580  10000 
69.06162988   0.17301125   80000    0.00100010 5.13271580  10000 
69.25725699   0.17344030   80000    0.00100010 5.13271580  10000 
122.48043951   0.34419182   80000    0.00100010 5.13271580  10000 
127.39321535   0.34289497   80000    0.00100010 5.13271580  10000 
127.32601613   0.34361999   80000    0.00100010 5.13271580  10000 
196.20536099   0.73432657   40000    0.00050003 2.56622958  20000 
394.83472282   1.11911888   40000    0.00050003 10.26491831  20000 
195.21424076   0.73112988   40000    0.00050003 2.56622958  20000 
107.82873143   0.36614588   40000    0.00050003 2.56622958  20000 
102.77656927   1.07949630   4000    0.00050003 2.56622958  20000 
47.03197883   0.36771673   4000    0.00500250 25.67384958  2000 
102.89711991   1.07724692   4000    0.00050003 2.56622958  20000 
153.04844513   1.54056835   4000    0.00025001 1.28308271  40000 
217.88926961   1.69191705   4000    0.00012500 0.64153334  80000 
269.67737531   2.12751684   2000    0.00006250 0.32076466  160000 
317.83356052   3.59893109   400    0.00003125 0.16038183  320000 
617.36017107   7.13590928   400    0.00003125 0.16038183  320000 
617.59305150   7.21667672   400    0.00003125 0.16038183  320000 
